0
0
24.3757
0
0
0
0
0
0
221.626
162.598
0
0
157.071
155.581
0
0
0
159.554
0
0
0
436.461
396.253
489.092
448.04
465.42
502.217
0
0
0
591.251
38.935
0
0
0
45.1077
603.729
584.162
0
125.887
48.7334
705.856
252.48
0
799.215
815.371
0
826.97
394.127
0
0
930.328
0
208.787
151.655
195.965
1036.83
0
281.445
1038.71
0
0
1111
0
467.623
1220.09
0
1138.94
521.971
1162.78
0
7.41473
0
5.06029
0
0
0
0
265.787
721.06
709.809
726.103
24.3055
0
780.135
191.34
834.185
0
0
217.247
0
938.704
0
17.8371
208.024
261.453
265.014
0
0
1051.83
255.667
248.246
240.206
0
0
0
258.676
233.705
14.5305
397.216
185.275
392.483
1209.78
1202.1
60.722
0
0
95.1873
442.038
103.468
1259.22
28.829
0
445.601
1274.46
1290.49
1258.07
1189.24
143.297
339.724
0
381.705
550.48
105.948
74.4045
47.927
0
1249.96
1227.6
22.0238
0
434.798
21.1971
617.449
0
0
460.775
54.1231
0
507.703
1335.23
674.536
0
0
693.526
0
0
729.368
0
245.914
223.118
887.342
0
424.004
0
398.56
0
470.605
0
0
0
0
111.631
702.515
101.521
138.499
784.879
0
230.038
266.022
0
949.102
0
0
1044.2
0
0
0
1111.21
0
1124.01
0
561.797
1177.44
0
548.973
0
0
26.4805
0
699.893
0
691.486
0
1358.89
0
800.599
0
0
0
0
999.477
0
21.3171
3.80586
1075.72
1718.01
1726.93
1734.09
1112.23
110.028
132.342
124.923
79.5864
100.208
0
126.687
1828.46
0
1874.4
1883.13
39.6953
0
1312.11
116.189
46.7114
0
1380.06
1950.87
332.914
0
326.318
319.404
1988.66
1988.45
355.273
83.6628
35.2253
0
2037.71
0
160.554
417.526
17.2002
175.154
11.7397
1560.9
1565.97
0
62.0527
475.713
0
1511.73
162.784
2162.3
2158.47
0
100.026
1550.33
77.7868
1623.84
98.6074
0
120.371
1705.24
0
0
0
1727.85
209.778
1666.29
119.723
113.816
50.8265
239.592
319.093
320.011
207.604
194.834
0
270.329
250.768
0
0
331.819
2694.34
0
1897.29
337.303
346.73
2735.71
351.596
1975.31
346.474
2815.44
360.374
2064.95
490.368
0
409.517
511.023
0
0
576.117
0
573.75
2957.15
565.683
536.891
428.391
2212.92
601.017
0
560.801
494.321
493.073
493.649
460.345
423.99
0
0
0
0
3165.52
0
462.306
3164.74
472.812
3177.95
0
361.698
0
326.827
536.177
322.208
310.164
2510.15
464.432
3273.85
0
0
219.07
485.235
478.374
0
0
1014.4
3419.14
0
3394.99
0
600.203
1033.11
0
1030.43
3463.34
2783.36
1005.39
3491.53
2792.17
694.118
0
2795
1034.11
0
503.65
2851.34
1039.35
0
1021.64
569.331
0
3693.74
588.591
586.472
0
559.646
627.758
0
597.809
591.753
0
505.648
0
649.715
492.068
570.823
521.164
0
230.976
391.936
304.575
224.814
0
3232.21
1134.12
347.982
314.548
582.609
345.323
3285.77
0
0
3363.11
439.279
3368.62
3337.11
4248.81
0
461.396
804.739
4282.88
0
581.064
870.771
586.544
3436.79
3452.87
807.455
3563.47
513.386
822.255
804.893
0
0
548.7
646.801
651.138
0
489.841
0
797.04
3567
608.176
596.095
3651.99
3610.54
565.29
606.134
607.264
604.602
3652.2
3722.63
839.716
577.701
592.926
594.824
537.873
0
562.814
668.091
630.763
3717.49
539.73
231.262
546.752
0
451.828
0
382.903
299.902
3778.32
240.887
3943.2
249.058
0
797.863
750.82
277.935
617.146
751.502
3992.46
355.023
3963.35
0
285.129
404.361
236.891
169.532
762.599
0
100.639
86.2061
701.129
0
0
0
0
12.4354
1044.93
0
588.31
512.627
450.951
4181.81
1148.92
1010.49
407.073
300.16
320.918
0
0
0
362.772
819.302
752.834
254.765
0
1245.56
1.99054
985.973
889.489
0
60.7909
564.956
145.515
0
173.264
0
611.21
0
0
1127.52
0
0
22.5456
319.869
281.941
357.087
68.2827
