0
0
85.4697
138.034
214.797
281.053
314.015
272.841
153.751
188.106
225.525
0
0
64.1799
533.399
331.534
0
387.997
85.9639
493.317
0
948.348
174.023
0
130.809
0
0
227.838
0
76.4359
63.3074
156.542
115.571
84.7888
126.313
1238.29
55.5694
89.8004
196.634
1328.31
114.98
1304.18
1030.23
180.506
1063.45
1080.15
1055
356.213
178.565
141.989
311.885
146.392
312.616
144.167
125.678
499.163
340.675
651.138
368.359
1375.76
1362.96
369.849
683.014
1753.46
757.897
509.993
495.085
534.118
1924.62
867.36
510.225
1938.52
940.692
617.13
503.895
1990.97
2034.04
1856.12
696.873
1230.09
1999.54
1334.87
1324.16
1029.48
2204.96
1116.98
2404.47
2314.59
902.45
2335.7
2312.96
898.856
1312.75
2350.25
885.945
1155.31
891.074
1353.05
0
1342.69
1253.24
1216.43
885.549
841.803
831.133
1068.43
1535.96
1046.19
1431.39
1450.6
387.126
383.777
1049.83
1131.58
1810.2
965.287
1714.89
1658.38
951.051
902.599
1792.33
1926.51
662.236
968.248
1817.56
911.451
2013.84
1817.16
1747.29
2457.06
748.928
739.427
1876.26
2358.39
822.047
1605.02
1752.37
1686.17
1805.23
903.929
1687.12
1863.83
1810.89
2451.7
1932.73
1701.62
2099.65
1863.85
2915.38
1490.54
2213
1638.26
1464.64
2200.99
2917.75
1737.77
1580.69
1886.54
2866.84
1816.32
2463.37
2513.56
1695.21
2375.22
2189.22
2178.27
1901.25
2252.65
2178.97
1594.65
1971.02
1601.52
3249.77
2255.08
1830.6
1888.65
2029.99
3263.69
1827.91
2103.85
1704.28
3181.22
1894.49
1759.36
3017.68
1877.31
1843.99
2089.97
2005.2
1855.11
2347.58
2072.32
1832.08
2339.5
1813.27
1809.18
2065.17
2014.76
2038.72
1998.63
1824.85
2253.39
1922.59
3229.16
2034.88
1798.31
2321.48
2924.77
1984.71
2385.08
2048.58
3251.79
1816.47
3263.9
2977.91
2355.13
2209.47
2847.62
2197.29
2167.34
2514.22
2815.84
1717.65
2769.91
2468.42
2311.58
2774.04
2705.89
2217
2622.46
2333.5
2923.73
2644.66
2362.44
3056.25
2561.61
2438.38
2551.15
2173.78
2437.35
3116.15
2667.28
3137.83
2487.61
2523.69
3026.91
2856.54
2772.14
2716.63
2847.83
2293.99
2045.48
2834.43
2593.44
2629.39
2731.1
2789.6
2613.24
2181.44
2638.46
2573.55
2629.87
2531.58
2676.57
2449.27
2482.04
2379.81
2293.09
2783.91
2617.17
3216.95
2452.11
3127.4
2923.55
2844.1
2508.73
2736.3
3187.64
2437.67
2746.76
2592.52
2479.66
3140.66
2645.09
2489.43
2703.83
2481.66
3078.32
2613.92
2681.08
3059.96
3052.06
3207.19
2981.99
3296.86
2712.72
2711.07
3179.97
3352.92
2807.53
2831.16
2715.92
2822.32
3114.71
2776.84
3434.32
3345.34
3246.73
3002.82
2791.93
2897.81
3241.57
2864.05
2949.67
3294.89
3102.75
2646.01
3021.54
3178.88
3220.16
3142.21
2921.14
3104.14
3128.11
3401.59
2946.71
2910.55
3085.89
3258.65
3293.87
3035.25
3349.51
3039.46
3490.11
3417.7
3164.82
3337.29
3358.57
3183.32
3331.87
3011.89
3128.31
3011.36
3193.69
3405.62
3515.31
3261.34
3251.16
3724.92
3054.25
2963.65
2951.98
3200.72
3105.06
3539.36
3199.23
3327.36
3132.31
3102.53
3077.78
2940.34
3005.61
2855.85
4003.04
3276.86
2915.35
