0
0
48.5751
109.897
28.9798
80.3363
48.3444
105.895
50.023
260.028
0
353.38
373.516
119.899
195.993
595.394
280.989
730.917
391.799
783.939
0
505.817
57.4781
891.676
80.081
0
917.692
170.758
1014.4
218.089
667.05
256.652
283.605
189.685
240.147
1004.9
236.951
198.645
219.44
619.159
606.599
571.712
571.108
833.207
302.328
851.639
350.069
849.64
354.652
443.695
453.237
417.688
536.951
607.553
614.329
1231.03
617.506
0
754.224
627.335
742.246
1305.22
760.413
690.006
743.93
1305.13
874.669
702.28
150.362
640.266
641.248
397.534
775.155
757.132
213.571
789.012
598.198
714.414
247.066
938.149
906.257
560.92
553.784
483.462
409.717
790.259
486.523
326.116
454.584
288.135
694.846
445.881
340.204
389.682
877.372
466.588
349.249
842.487
361.634
409.511
337.403
297.709
830.05
167.082
905.05
203.386
913.443
469.147
492.2
871.711
683.322
572.548
671.634
378.265
242.759
780.604
719.903
814.415
1174.92
335.503
302.74
889.953
479.207
451.293
794.757
1235.07
1196.97
432.574
837.593
554.302
451.682
303.085
746.157
434.468
415.49
365.11
391.122
575.748
925.863
589.064
482.442
520.897
592.293
191.506
219.198
325.499
420.093
398.246
240.817
298.993
237.107
261.578
312.083
698.784
267.527
366.277
297.218
900.911
357.603
405.097
393.918
429.837
935.683
429.889
443.065
35.6939
449.423
958.62
905.887
96.2658
530.612
463.398
448.709
436.809
409.363
0
411.439
616.449
0
626.572
0
640.518
0
1094.22
539.886
685.631
390.831
110.596
428.754
143.58
459.982
795.666
255.929
786.044
848.361
582.53
801.071
289.909
253.663
348.333
821.618
796.725
368.258
929.105
698.912
294.347
296.898
706.205
669.789
295.433
706.255
259.892
330.609
259.149
234.402
267.052
676.837
1024.3
303.39
263.279
1039.67
730.744
210.57
963.284
278.483
382.245
294.669
245.262
307.775
313.838
261.352
244.499
512.662
180.137
166.806
369.056
195.065
1087.16
1087.17
1104.5
600.912
414.125
469.618
248.418
394.272
242.029
425.342
160.557
608.234
645.454
613.098
471.617
392.051
515.734
303.16
41.8192
723.63
537.948
635.466
49.7116
52.7332
60.2003
155.627
125.284
610.345
595.555
754.105
191.728
197.697
191.335
83.912
258.49
262.288
258.161
423.634
199.576
757.88
457.089
749.158
785.7
560.046
354.483
610.936
221.858
347.489
332.674
699.906
687.438
438.443
501.337
1173.07
1093.74
641.949
864.079
1176.42
577.168
689.635
920.801
1260.81
728.144
1267.36
946.756
721.273
735.437
700.569
860.439
842.886
850.506
808.313
913.754
779.374
792.802
1608.96
801.023
0
11.6204
774.881
32.6209
775.542
920.554
899.831
1111.94
909.052
1139.47
0
837.312
151.505
141.236
1834.54
1835.37
767.092
79.6879
200.265
237.91
206.112
1371.17
852.615
1305.99
2039.41
337.352
1180.81
380.515
304.882
306.093
2104.93
1069.94
941.885
435.632
2168.79
1077.78
980.209
2199.16
419.411
439.032
529.381
1534.65
1108.07
427.585
1563.77
2289.69
2299.25
2311.08
1034.47
1149.53
966.159
964.384
1646.54
659.174
1114.36
1001.92
1016.69
739.114
697.569
1269.49
1689.04
672.236
700.046
1736.22
1723.19
2708.64
1720.91
829.896
831.572
1684.17
1617.91
834.133
1273.73
847.812
1538.6
933.311
921.651
911.452
866.239
1350.58
2924.54
875.778
911.598
829.649
889.266
979.317
1692.95
1740.3
872.603
1699.41
745.912
1621
1798.16
1700.07
1030.88
1663.53
939.563
1654.16
1638.89
916.608
902.704
1122.64
863.574
1049.26
695.967
981.391
1648.55
1853.42
1118.57
733.342
659.06
1097.66
1187.09
657.594
1058.32
492.912
1027.41
1075
1010.08
1087.42
1012.29
518.287
1028.11
1227.27
1220.7
1021
607.628
1128.61
1153.57
1070.76
1083.09
1149.95
2066.65
736.814
562.071
1172.39
1122.9
1203.64
614.805
826.045
814.585
672.782
756.468
1113.33
642.481
524.93
1111.5
482.961
773.094
509.697
743.316
461.024
385.329
1064.27
426.684
1777.42
1064.88
828.494
1202.36
671.189
569.95
648.644
1014.66
610.696
1225.26
569.774
602.315
1829.5
1270.86
1012.29
626.285
612.887
1245.37
629.113
1836.11
1738.21
764.262
644.333
611.275
634.885
346.725
651.546
582.498
1047.41
238.489
671.06
241.614
220.031
1834.32
194.986
752.79
1089.15
716.301
779.077
1739.67
222.241
655.018
165.812
151.607
481.496
1281.21
730.491
0
491.539
302.975
290.513
250.993
206.753
1307.95
758.301
23.279
234.055
545.527
746.724
269.635
260.551
1229.12
1195.59
984.483
286.18
782.578
532.285
79.1143
219.474
292.21
90.7004
229.553
89.5411
115.474
554.639
432.082
129.49
338.998
1433.76
